12 0.275 0.17578125 0.134375 0.028125
3 0.1484375 0.3234375 0.1734375 0.021875
10 0.19765625 0.35078125 0.2703125 0.0234375
9 0.140625 0.371875 0.1734375 0.0234375
2 0.21875 0.39921875 0.3296875 0.0359375
11 0.17890625 0.203125 0.1296875 0.01875
1 0.2234375 0.22578125 0.1265625 0.028125
4 0.478125 0.61015625 0.85 0.1796875
6 0.83828125 0.7390625 0.0859375 0.0234375
7 0.83984375 0.79296875 0.084375 0.0234375
17 0.84453125 0.8203125 0.0890625 0.025
8 0.76015625 0.79296875 0.0328125 0.0234375
5 0.84296875 0.76328125 0.096875 0.021875
0 0.75546875 0.76484375 0.0421875 0.01875