12 0.3078125 0.196875 0.146875 0.025
11 0.23671875 0.2234375 0.1640625 0.025
1 0.23828125 0.24921875 0.1890625 0.0359375
3 0.69140625 0.22734375 0.240625 0.028125
13 0.72890625 0.253125 0.353125 0.028125
9 0.67421875 0.2828125 0.240625 0.03125
2 0.76640625 0.3140625 0.390625 0.0328125
4 0.50234375 0.46640625 0.875 0.0984375
6 0.86953125 0.5671875 0.128125 0.028125
7 0.86484375 0.59765625 0.1453125 0.028125
17 0.865625 0.70625 0.140625 0.0390625
5 0.859375 0.62578125 0.1375 0.0328125
8 0.70703125 0.5953125 0.0453125 0.03125
0 0.70625 0.62890625 0.046875 0.0296875