3 0.24140625 0.1921875 0.1671875 0.0203125
10 0.26328125 0.2359375 0.209375 0.0609375
9 0.21484375 0.278125 0.1140625 0.015625
2 0.26328125 0.29375 0.2046875 0.015625
12 0.91484375 0.16953125 0.078125 0.025
11 0.90078125 0.19921875 0.1046875 0.0234375
4 0.50703125 0.43984375 0.88125 0.0421875
6 0.90703125 0.61484375 0.075 0.028125
7 0.9078125 0.65546875 0.071875 0.0265625
7 0.91328125 0.675 0.0765625 0.0234375
8 0.15703125 0.64296875 0.021875 0.015625
8 0.24921875 0.64296875 0.0515625 0.015625
17 0.8953125 0.8265625 0.121875 0.0234375