3 0.16875 0.18125 0.221875 0.025
10 0.16328125 0.2078125 0.2125 0.040625
9 0.14765625 0.240625 0.1859375 0.01875
2 0.2125 0.26015625 0.3109375 0.0171875
12 0.81484375 0.1546875 0.1140625 0.021875
11 0.75625 0.17890625 0.1515625 0.01875
1 0.45390625 0.3421875 0.1421875 0.0234375
4 0.42578125 0.4875 0.7515625 0.0546875
6 0.8265625 0.59609375 0.0828125 0.0203125
8 0.803125 0.61640625 0.0328125 0.015625
7 0.775 0.6359375 0.0734375 0.01875
0 0.80859375 0.65546875 0.034375 0.015625
17 0.79609375 0.6734375 0.0828125 0.0171875