12 0.225 0.1984375 0.0984375 0.021875
11 0.2 0.225 0.11875 0.0203125
1 0.29765625 0.253125 0.11875 0.0203125
3 0.18671875 0.40546875 0.2296875 0.0203125
2 0.1953125 0.47578125 0.24375 0.025
10 0.21875 0.42578125 0.3 0.0203125
9 0.14296875 0.4484375 0.1421875 0.0203125
4 0.49375 0.66640625 0.8578125 0.11875
6 0.87734375 0.765625 0.0484375 0.0265625
0 0.88203125 0.79296875 0.053125 0.021875
8 0.87890625 0.8234375 0.0515625 0.025
7 0.8828125 0.85 0.0515625 0.021875
17 0.87890625 0.87890625 0.084375 0.025