3 0.25390625 0.1 0.1265625 0.0171875
10 0.25859375 0.13359375 0.19375 0.0375
12 0.6203125 0.08125 0.0953125 0.0140625
11 0.66953125 0.1203125 0.0703125 0.0125
1 0.6484375 0.14140625 0.0796875 0.0125
4 0.4875 0.26953125 0.903125 0.13125
8 0.1171875 0.43671875 0.0578125 0.0125
8 0.11953125 0.4546875 0.05 0.0109375
6 0.91328125 0.41953125 0.05 0.0140625
5 0.91640625 0.43671875 0.0421875 0.015625
7 0.9140625 0.459375 0.0484375 0.0109375
7 0.9171875 0.48125 0.04375 0.0140625
17 0.90390625 0.49921875 0.0625 0.0234375