12 0.6171875 0.0796875 0.0890625 0.009375
11 0.66875 0.1203125 0.0734375 0.0125
1 0.646875 0.140625 0.075 0.0125
3 0.25625 0.10078125 0.1109375 0.0125
10 0.25625 0.13125 0.171875 0.034375
4 0.39765625 0.25390625 0.7234375 0.096875
8 0.11484375 0.44296875 0.0328125 0.0125
8 0.115625 0.4609375 0.0359375 0.0140625
6 0.9140625 0.425 0.040625 0.009375
5 0.91484375 0.44453125 0.040625 0.0125
7 0.91640625 0.46484375 0.0359375 0.0125
17 0.91171875 0.50625 0.04375 0.0140625
15 0.225203125 0.043171875 0.14460937499999998 0.0283125