12 0.19140625 0.46953125 0.103125 0.01875
11 0.25390625 0.50078125 0.121875 0.01875
1 0.23125 0.5328125 0.1296875 0.0203125
3 0.17734375 0.6453125 0.2453125 0.0171875
10 0.2015625 0.66484375 0.2890625 0.01875
2 0.18828125 0.70859375 0.265625 0.01875
9 0.1203125 0.68671875 0.125 0.0171875
4 0.67109375 0.525 0.4796875 0.0484375
6 0.62421875 0.6140625 0.0828125 0.0171875
0 0.54140625 0.64609375 0.0421875 0.0125
8 0.53046875 0.6671875 0.0234375 0.0140625
7 0.484375 0.6875 0.0265625 0.0171875
17 0.63203125 0.721875 0.0984375 0.021875