12 0.3921875 0.23984375 0.0984375 0.0203125
11 0.61796875 0.23984375 0.1328125 0.0203125
1 0.85078125 0.2390625 0.13125 0.0171875
3 0.71796875 0.075 0.225 0.01875
2 0.753125 0.165625 0.29375 0.0171875
10 0.75625 0.1046875 0.296875 0.021875
9 0.68828125 0.134375 0.16875 0.01875
4 0.46640625 0.42265625 0.8546875 0.0921875
6 0.8484375 0.55 0.078125 0.0234375
17 0.8484375 0.64453125 0.075 0.021875
7 0.84375 0.58203125 0.0609375 0.01875
5 0.84296875 0.61328125 0.0640625 0.0203125
8 0.6875 0.58359375 0.046875 0.025
0 0.6921875 0.61328125 0.0359375 0.021875