12 0.2625 0.31015625 0.1046875 0.01875
11 0.2140625 0.334375 0.1234375 0.0203125
1 0.303125 0.359375 0.1234375 0.0203125
3 0.63828125 0.3359375 0.26875 0.021875
10 0.65703125 0.371875 0.30625 0.04375
2 0.67421875 0.4375 0.340625 0.0265625
9 0.58359375 0.409375 0.1625 0.021875
4 0.4796875 0.56953125 0.7890625 0.08125
6 0.30625 0.68984375 0.078125 0.0203125
17 0.30390625 0.75234375 0.0796875 0.0203125
7 0.2984375 0.73125 0.0703125 0.0171875
5 0.2984375 0.7109375 0.0671875 0.0171875
8 0.203125 0.734375 0.040625 0.021875
0 0.21328125 0.71171875 0.046875 0.0171875