12 0.29609375 0.13203125 0.0859375 0.0140625
11 0.253125 0.15 0.1359375 0.015625
1 0.296875 0.16796875 0.1296875 0.0140625
3 0.82890625 0.27734375 0.10625 0.0171875
10 0.7921875 0.315625 0.1921875 0.040625
2 0.77578125 0.3765625 0.2296875 0.015625
9 0.81484375 0.35078125 0.1453125 0.01875
4 0.50703125 0.54765625 0.8015625 0.05
6 0.84765625 0.71796875 0.0921875 0.015625
0 0.8625 0.7734375 0.053125 0.0171875
8 0.87421875 0.82578125 0.0296875 0.01875
7 0.87578125 0.884375 0.03125 0.0203125
7 0.84921875 0.93671875 0.071875 0.01875