12 0.58828125 0.12109375 0.109375 0.0125
11 0.77578125 0.21171875 0.16875 0.0234375
1 0.85625 0.2375 0.1734375 0.0265625
3 0.2046875 0.209375 0.328125 0.0234375
10 0.2375 0.23125 0.40625 0.0203125
2 0.21953125 0.2765625 0.3703125 0.0234375
9 0.1234375 0.25234375 0.178125 0.0203125
4 0.4984375 0.503125 0.921875 0.2203125
6 0.82421875 0.79921875 0.0953125 0.0203125
5 0.90625 0.828125 0.084375 0.0234375
0 0.8140625 0.82734375 0.0390625 0.0203125
8 0.8078125 0.85546875 0.0390625 0.021875
7 0.89296875 0.85546875 0.0734375 0.021875
17 0.77890625 0.8828125 0.090625 0.0203125