12 0.796875 0.31953125 0.0890625 0.021875
11 0.73671875 0.34375 0.15 0.0203125
1 0.72734375 0.36640625 0.14375 0.021875
3 0.17890625 0.3203125 0.271875 0.021875
2 0.17734375 0.38828125 0.275 0.0234375
10 0.18828125 0.34296875 0.2859375 0.0203125
9 0.128125 0.36640625 0.171875 0.0203125
4 0.490625 0.49921875 0.8953125 0.0796875
6 0.71875 0.628125 0.0953125 0.0171875
0 0.6859375 0.65078125 0.05 0.01875
8 0.6734375 0.67109375 0.04375 0.01875
5 0.765625 0.65 0.075 0.021875
7 0.7203125 0.6703125 0.0359375 0.01875
17 0.67265625 0.690625 0.0890625 0.0203125