12 0.5515625 0.15546875 0.08125 0.0203125
11 0.51875 0.1828125 0.1484375 0.0203125
1 0.5109375 0.20859375 0.1515625 0.0234375
3 0.70546875 0.16171875 0.18125 0.0234375
10 0.79453125 0.18515625 0.3640625 0.021875
2 0.759375 0.234375 0.2828125 0.0234375
9 0.7078125 0.20859375 0.18125 0.0203125
4 0.48828125 0.41796875 0.9078125 0.0640625
6 0.8953125 0.5234375 0.0890625 0.0265625
17 0.89765625 0.63125 0.090625 0.025
7 0.89140625 0.5765625 0.065625 0.0203125
8 0.87734375 0.55078125 0.046875 0.021875
0 0.87265625 0.6046875 0.040625 0.0234375