12 0.8 0.20234375 0.078125 0.0203125
11 0.75859375 0.24765625 0.11875 0.01875
1 0.7515625 0.26875 0.11875 0.015625
3 0.134375 0.2234375 0.184375 0.0203125
10 0.16953125 0.24296875 0.2515625 0.0171875
2 0.1796875 0.284375 0.275 0.021875
9 0.1125 0.26328125 0.140625 0.015625
4 0.35234375 0.45859375 0.628125 0.0453125
6 0.69609375 0.515625 0.059375 0.0203125
17 0.715625 0.63828125 0.090625 0.0265625
7 0.65390625 0.5546875 0.05 0.0140625
8 0.68046875 0.53515625 0.03125 0.0171875
0 0.68359375 0.5734375 0.025 0.015625