12 0.22890625 0.07578125 0.0734375 0.0203125
11 0.25703125 0.09765625 0.1234375 0.0234375
1 0.240625 0.11953125 0.134375 0.0203125
3 0.8 0.2875 0.2109375 0.021875
10 0.7859375 0.31015625 0.2375 0.0203125
2 0.76171875 0.35390625 0.2921875 0.0203125
9 0.84453125 0.33203125 0.1234375 0.01875
4 0.49296875 0.58046875 0.8296875 0.065625
6 0.878125 0.7046875 0.0671875 0.0203125
17 0.87734375 0.81953125 0.0671875 0.021875
7 0.87734375 0.7609375 0.0609375 0.0203125
0 0.78203125 0.7921875 0.0328125 0.01875
8 0.78515625 0.73515625 0.0375 0.015625