12 0.234375 0.15625 0.0828125 0.0203125
11 0.1859375 0.17890625 0.109375 0.021875
3 0.7109375 0.29140625 0.3140625 0.0265625
2 0.7 0.33515625 0.2984375 0.0203125
10 0.71640625 0.35859375 0.3203125 0.0203125
9 0.63125 0.31640625 0.15 0.01875
4 0.490625 0.52109375 0.8265625 0.065625
6 0.871875 0.59609375 0.05625 0.0203125
17 0.8515625 0.70859375 0.0859375 0.01875
7 0.86640625 0.6625 0.071875 0.0203125
5 0.878125 0.62890625 0.0421875 0.0234375
0 0.790625 0.62734375 0.0484375 0.0203125
8 0.78046875 0.6640625 0.03125 0.01875
1 0.83984375 0.86953125 0.115625 0.0234375