12 0.83046875 0.0953125 0.1 0.021875
11 0.80703125 0.1171875 0.1484375 0.021875
1 0.81015625 0.14296875 0.1453125 0.0203125
3 0.83828125 0.28671875 0.125 0.028125
10 0.8109375 0.3328125 0.1828125 0.053125
2 0.77421875 0.4078125 0.25625 0.025
9 0.83125 0.3765625 0.1390625 0.0234375
4 0.5015625 0.5671875 0.8296875 0.05625
6 0.85859375 0.65625 0.08125 0.0234375
0 0.871875 0.68203125 0.05625 0.0171875
8 0.88125 0.7046875 0.040625 0.01875
7 0.88515625 0.728125 0.0359375 0.0203125
17 0.8640625 0.75234375 0.0734375 0.0203125