12 0.2203125 0.1296875 0.0390625 0.025
11 0.8328125 0.13125 0.1140625 0.021875
1 0.8375 0.1515625 0.1046875 0.0171875
3 0.1859375 0.28828125 0.1453125 0.01875
10 0.2390625 0.34453125 0.253125 0.0890625
2 0.2046875 0.40078125 0.1828125 0.01875
9 0.1640625 0.42578125 0.1078125 0.0203125
13 0.76640625 0.3515625 0.271875 0.103125
4 0.5046875 0.6359375 0.83125 0.1765625
6 0.8578125 0.790625 0.0640625 0.021875
17 0.85625 0.9328125 0.0765625 0.021875
7 0.8640625 0.9015625 0.0578125 0.0171875
8 0.7265625 0.9015625 0.028125 0.015625