12 0.2125 0.3140625 0.065625 0.0171875
11 0.259375 0.3375 0.14375 0.021875
1 0.234375 0.35859375 0.140625 0.021875
3 0.8578125 0.31640625 0.2140625 0.021875
10 0.79140625 0.33828125 0.3375 0.0234375
2 0.79921875 0.378125 0.340625 0.0234375
9 0.88515625 0.35859375 0.1515625 0.01875
4 0.51015625 0.52578125 0.9234375 0.053125
6 0.915625 0.6265625 0.096875 0.025
0 0.94140625 0.65859375 0.059375 0.021875
8 0.94140625 0.6859375 0.0375 0.0203125
7 0.946875 0.7140625 0.0328125 0.01875
17 0.9234375 0.74375 0.084375 0.0234375