12 0.215625 0.24140625 0.0703125 0.0171875
11 0.17890625 0.26875 0.1265625 0.0171875
1 0.16796875 0.296875 0.1203125 0.021875
3 0.81796875 0.31015625 0.2421875 0.021875
10 0.75703125 0.3359375 0.3703125 0.0234375
2 0.7921875 0.38984375 0.2859375 0.0234375
9 0.87578125 0.3625 0.128125 0.01875
4 0.49765625 0.5765625 0.878125 0.0890625
6 0.890625 0.6734375 0.078125 0.025
0 0.87578125 0.709375 0.0421875 0.01875
8 0.86953125 0.74921875 0.0390625 0.0234375
7 0.86640625 0.78671875 0.034375 0.021875
17 0.88515625 0.825 0.0671875 0.0203125