12 0.70859375 0.08515625 0.0609375 0.0203125
11 0.67734375 0.10703125 0.0984375 0.01875
1 0.70859375 0.12890625 0.1015625 0.021875
3 0.47890625 0.2640625 0.1484375 0.0234375
10 0.5328125 0.2890625 0.2359375 0.01875
2 0.509375 0.33359375 0.196875 0.0234375
9 0.47890625 0.3109375 0.128125 0.021875
4 0.50234375 0.465625 0.8234375 0.0625
6 0.884375 0.60078125 0.0484375 0.0234375
17 0.86875 0.71015625 0.0734375 0.0234375
8 0.80390625 0.65390625 0.0390625 0.0171875
8 0.8078125 0.6265625 0.0296875 0.0203125