12 0.221875 0.171875 0.0796875 0.015625
11 0.25546875 0.1890625 0.1203125 0.0171875
1 0.26953125 0.209375 0.11875 0.01875
3 0.7984375 0.17265625 0.234375 0.015625
10 0.8015625 0.19140625 0.234375 0.015625
2 0.809375 0.22890625 0.2109375 0.021875
9 0.8546875 0.21015625 0.125 0.015625
4 0.4671875 0.4328125 0.7109375 0.075
6 0.759375 0.56796875 0.059375 0.0125
8 0.7453125 0.58515625 0.0328125 0.015625
7 0.7546875 0.6046875 0.053125 0.015625
0 0.7515625 0.62265625 0.0296875 0.0171875
17 0.759375 0.63984375 0.0609375 0.015625