12 0.9 0.20390625 0.06875 0.0171875
11 0.87265625 0.22265625 0.1265625 0.01875
1 0.87890625 0.24375 0.1203125 0.0203125
3 0.196875 0.32890625 0.2375 0.0203125
10 0.209375 0.35 0.26875 0.015625
2 0.20625 0.3953125 0.2671875 0.0203125
9 0.14765625 0.371875 0.1421875 0.01875
4 0.4671875 0.525 0.7796875 0.0515625
6 0.86640625 0.6640625 0.075 0.021875
8 0.88515625 0.68984375 0.0328125 0.0171875
0 0.88671875 0.73984375 0.034375 0.015625
7 0.86640625 0.7140625 0.0703125 0.01875
7 0.8609375 0.7640625 0.0859375 0.0203125