12 0.909375 0.05546875 0.0875 0.0171875
11 0.90234375 0.075 0.103125 0.0171875
1 0.9 0.0953125 0.1078125 0.0171875
3 0.646875 0.2265625 0.2421875 0.0171875
10 0.66171875 0.24609375 0.271875 0.01875
2 0.646875 0.28671875 0.2390625 0.021875
9 0.596875 0.26484375 0.140625 0.015625
4 0.52890625 0.4671875 0.8171875 0.1328125
6 0.92421875 0.62265625 0.0609375 0.0125
17 0.9265625 0.71171875 0.059375 0.0171875
7 0.94140625 0.68984375 0.0265625 0.015625
8 0.93828125 0.66640625 0.03125 0.0125
0 0.9359375 0.64375 0.0390625 0.015625