12 0.196875 0.084375 0.0625 0.01875
11 0.23671875 0.25234375 0.1125 0.015625
1 0.2109375 0.27265625 0.1140625 0.0125
3 0.15078125 0.359375 0.1859375 0.0203125
10 0.1984375 0.38671875 0.2828125 0.0203125
2 0.18515625 0.440625 0.25625 0.0234375
9 0.125 0.41171875 0.1375 0.0203125
4 0.4609375 0.62734375 0.815625 0.1328125
6 0.8265625 0.709375 0.0703125 0.01875
17 0.82578125 0.80234375 0.065625 0.0203125
7 0.81953125 0.7546875 0.0546875 0.0203125
0 0.80625 0.77734375 0.03125 0.015625
8 0.80546875 0.73046875 0.03125 0.0171875