12 0.89453125 0.08046875 0.1140625 0.021875
11 0.83984375 0.10234375 0.165625 0.0234375
1 0.82890625 0.1234375 0.1609375 0.025
3 0.24921875 0.26875 0.3953125 0.028125
10 0.29296875 0.29921875 0.4828125 0.0296875
2 0.2890625 0.328125 0.48125 0.025
9 0.17890625 0.3578125 0.2578125 0.0296875
4 0.484375 0.53125 0.8609375 0.1375
6 0.796875 0.75546875 0.1109375 0.0203125
17 0.75625 0.82734375 0.1203125 0.021875
7 0.859375 0.80390625 0.0921875 0.021875
8 0.765625 0.803125 0.04375 0.01875
0 0.77421875 0.7796875 0.0546875 0.0171875
5 0.87890625 0.78046875 0.0921875 0.0203125