12 0.20390625 0.3078125 0.0640625 0.0203125
11 0.175 0.33046875 0.13125 0.0171875
1 0.2203125 0.3546875 0.128125 0.01875
3 0.6828125 0.21953125 0.2390625 0.0375
10 0.69375 0.24921875 0.2515625 0.021875
2 0.73125 0.28984375 0.3265625 0.021875
9 0.6421875 0.26953125 0.146875 0.01875
4 0.490625 0.53203125 0.8875 0.1015625
6 0.89765625 0.6484375 0.0515625 0.025
8 0.72109375 0.69140625 0.04375 0.0359375
0 0.7125 0.73828125 0.0625 0.0375
7 0.90859375 0.69296875 0.0671875 0.0234375
5 0.909375 0.7390625 0.0703125 0.0203125
17 0.90625 0.80703125 0.075 0.0265625