12 0.56328125 0.30390625 0.1015625 0.0296875
11 0.39921875 0.33828125 0.1375 0.025
1 0.66328125 0.3375 0.1359375 0.025
4 0.5078125 0.521875 0.8609375 0.153125
6 0.73515625 0.66953125 0.090625 0.0296875
0 0.7296875 0.71015625 0.0484375 0.0234375
5 0.809375 0.71328125 0.09375 0.0296875
8 0.71484375 0.7515625 0.0359375 0.028125
7 0.7921875 0.7515625 0.0921875 0.0296875
17 0.7015625 0.79296875 0.096875 0.034375
3 0.1625 0.82421875 0.2109375 0.05625
10 0.221875 0.86953125 0.3234375 0.0296875
2 0.22734375 0.89921875 0.3359375 0.028125
9 0.1390625 0.92734375 0.1609375 0.0234375