12 0.2484375 0.24140625 0.090625 0.0234375
11 0.28203125 0.275 0.1265625 0.015625
1 0.3 0.30625 0.128125 0.0171875
3 0.7 0.265625 0.28125 0.0171875
10 0.74765625 0.29140625 0.3796875 0.0265625
2 0.7171875 0.3421875 0.3171875 0.0234375
9 0.6421875 0.3171875 0.165625 0.021875
4 0.49609375 0.51953125 0.8546875 0.109375
6 0.87734375 0.665625 0.1 0.028125
17 0.8734375 0.77734375 0.0953125 0.0296875
7 0.84453125 0.734375 0.0390625 0.025
5 0.8671875 0.70234375 0.084375 0.0234375
0 0.6921875 0.696875 0.0625 0.03125
8 0.69921875 0.73515625 0.05625 0.0328125