12 0.25234375 0.04921875 0.128125 0.0234375
11 0.2125 0.075 0.090625 0.0171875
1 0.22734375 0.0953125 0.09375 0.015625
3 0.18515625 0.31875 0.2359375 0.0203125
10 0.2125 0.34140625 0.2921875 0.01875
2 0.1953125 0.390625 0.25625 0.021875
9 0.1359375 0.36484375 0.134375 0.0203125
4 0.4796875 0.64296875 0.834375 0.2421875
6 0.86953125 0.80859375 0.0453125 0.0234375
0 0.8640625 0.8390625 0.05625 0.021875
8 0.8703125 0.86875 0.040625 0.0203125
7 0.87578125 0.8984375 0.03125 0.0234375
17 0.853125 0.92890625 0.090625 0.021875