12 0.87734375 0.28671875 0.06875 0.0171875
11 0.86640625 0.30546875 0.0953125 0.0140625
1 0.865625 0.32421875 0.090625 0.0171875
3 0.19296875 0.2703125 0.203125 0.0140625
10 0.20546875 0.2890625 0.2296875 0.0171875
2 0.1953125 0.3265625 0.2125 0.0171875
9 0.15390625 0.30703125 0.1234375 0.0171875
4 0.503125 0.534375 0.846875 0.0625
6 0.878125 0.65703125 0.06875 0.0171875
17 0.8890625 0.721875 0.04375 0.01875
7 0.88125 0.69921875 0.0546875 0.0171875
5 0.89921875 0.678125 0.025 0.0203125
0 0.71328125 0.67890625 0.025 0.0109375
8 0.7046875 0.7 0.025 0.0109375