12 0.55390625 0.0921875 0.06875 0.0125
11 0.5203125 0.10859375 0.1015625 0.0140625
1 0.51484375 0.125 0.103125 0.0171875
3 0.49453125 0.20625 0.1578125 0.0171875
10 0.52578125 0.225 0.2125 0.0171875
2 0.54453125 0.2640625 0.25625 0.01875
9 0.48046875 0.24296875 0.125 0.015625
4 0.478125 0.41796875 0.7703125 0.046875
6 0.82421875 0.49375 0.034375 0.015625
17 0.8359375 0.56328125 0.0640625 0.0125
7 0.825 0.5140625 0.0359375 0.0140625
5 0.83515625 0.53125 0.0609375 0.015625
8 0.70078125 0.51328125 0.0265625 0.0125
0 0.74609375 0.53125 0.0265625 0.0125