12 0.24765625 0.32109375 0.1171875 0.0203125
11 0.196875 0.3453125 0.134375 0.01875
1 0.190625 0.36875 0.1421875 0.021875
3 0.73046875 0.328125 0.2109375 0.0203125
10 0.77109375 0.346875 0.2984375 0.0171875
2 0.746875 0.3875 0.2484375 0.0203125
9 0.70390625 0.36484375 0.1609375 0.0203125
4 0.4859375 0.55703125 0.8671875 0.0796875
6 0.86640625 0.63671875 0.0671875 0.015625
0 0.78671875 0.67578125 0.034375 0.015625
8 0.7859375 0.709375 0.034375 0.015625
7 0.85546875 0.71015625 0.05625 0.0234375
5 0.86171875 0.6765625 0.0703125 0.0171875
17 0.8671875 0.7453125 0.0734375 0.01875