12 0.25234375 0.0484375 0.096875 0.021875
11 0.56328125 0.05078125 0.1265625 0.021875
1 0.86015625 0.0484375 0.1328125 0.0203125
3 0.74765625 0.16171875 0.290625 0.0203125
10 0.76171875 0.1859375 0.321875 0.0171875
2 0.74140625 0.2296875 0.28125 0.0234375
9 0.67109375 0.20859375 0.1375 0.01875
4 0.603125 0.45703125 0.6078125 0.125
6 0.86015625 0.63515625 0.06875 0.0203125
5 0.859375 0.66875 0.034375 0.0171875
7 0.85859375 0.6875 0.0296875 0.015625
17 0.8609375 0.7453125 0.090625 0.0234375
8 0.65 0.6859375 0.03125 0.0125
13 0.796875 0.88671875 0.2984375 0.040625