12 0.90390625 0.13671875 0.1140625 0.025
4 0.70234375 0.41015625 0.5296875 0.15
11 0.11484375 0.9015625 0.146875 0.025
1 0.1171875 0.95703125 0.146875 0.0265625
3 0.2 0.5015625 0.325 0.0265625
10 0.2046875 0.52890625 0.33125 0.01875
2 0.19765625 0.5796875 0.3171875 0.0234375
9 0.11015625 0.55390625 0.1421875 0.0203125
6 0.903125 0.575 0.1 0.03125
17 0.88203125 0.70625 0.140625 0.0359375
7 0.91640625 0.65234375 0.0609375 0.0234375
8 0.52265625 0.653125 0.0375 0.0234375
0 0.6078125 0.61328125 0.05 0.021875
5 0.90859375 0.6125 0.0828125 0.0234375