12 0.5640625 0.2 0.0796875 0.015625
11 0.44609375 0.2171875 0.1515625 0.0171875
1 0.69609375 0.21953125 0.1171875 0.021875
3 0.2390625 0.3140625 0.2046875 0.0203125
10 0.30078125 0.33515625 0.3234375 0.0171875
13 0.30390625 0.33515625 0.3390625 0.0234375
2 0.31484375 0.35390625 0.3546875 0.0203125
9 0.22421875 0.375 0.1640625 0.021875
4 0.47734375 0.625 0.8171875 0.296875
6 0.84453125 0.83515625 0.0625 0.0203125
17 0.7984375 0.92578125 0.0640625 0.0203125
7 0.7765625 0.88046875 0.059375 0.01875
8 0.83671875 0.85703125 0.0375 0.0171875