12 0.5703125 0.19921875 0.1078125 0.0203125
11 0.525 0.228125 0.1765625 0.0265625
4 0.49609375 0.41796875 0.8375 0.121875
6 0.85546875 0.5328125 0.071875 0.028125
17 0.85078125 0.65625 0.1015625 0.028125
7 0.85234375 0.6234375 0.084375 0.028125
8 0.85 0.59375 0.040625 0.0203125
5 0.85078125 0.5640625 0.0453125 0.0234375
0 0.23125 0.56484375 0.0484375 0.0234375
3 0.12265625 0.77109375 0.128125 0.0203125
10 0.18359375 0.8015625 0.2484375 0.0375
2 0.19375 0.85625 0.271875 0.021875
9 0.128125 0.8328125 0.1421875 0.0234375