12 0.221875 0.31953125 0.09375 0.015625
11 0.16875 0.33828125 0.128125 0.0171875
1 0.16484375 0.359375 0.13125 0.0234375
3 0.68046875 0.3390625 0.1765625 0.0234375
10 0.76484375 0.36015625 0.3375 0.015625
13 0.7640625 0.359375 0.3484375 0.0203125
2 0.75390625 0.3984375 0.321875 0.021875
9 0.67109375 0.37734375 0.1515625 0.01875
4 0.32890625 0.60546875 0.5984375 0.1015625
6 0.8484375 0.54453125 0.078125 0.01875
0 0.8375 0.565625 0.04375 0.01875
8 0.825 0.5875 0.0359375 0.0203125
7 0.771875 0.63203125 0.028125 0.0171875
17 0.87265625 0.69765625 0.1046875 0.0390625