12 0.8984375 0.2265625 0.096875 0.021875
11 0.89140625 0.28828125 0.1125 0.0203125
1 0.890625 0.34140625 0.1109375 0.0203125
3 0.1515625 0.22578125 0.18125 0.0203125
10 0.240625 0.24765625 0.3609375 0.021875
13 0.240625 0.24765625 0.375 0.0234375
2 0.1984375 0.29140625 0.2828125 0.025
9 0.12734375 0.26875 0.1328125 0.01875
4 0.48671875 0.634375 0.7734375 0.21875
6 0.840625 0.784375 0.078125 0.0203125
17 0.83515625 0.90390625 0.1015625 0.0203125
8 0.62421875 0.81015625 0.0265625 0.01875
0 0.63046875 0.83359375 0.034375 0.0171875