12 0.8265625 0.0453125 0.071875 0.01875
11 0.79453125 0.06640625 0.1359375 0.0203125
1 0.82109375 0.0875 0.16875 0.0203125
3 0.55 0.20625 0.2578125 0.021875
10 0.553125 0.2265625 0.265625 0.0203125
2 0.53984375 0.27109375 0.234375 0.0234375
9 0.496875 0.24765625 0.15 0.0203125
4 0.47421875 0.55546875 0.859375 0.153125
6 0.90078125 0.6984375 0.075 0.0203125
17 0.88515625 0.7859375 0.10625 0.0265625
7 0.9078125 0.7203125 0.0625 0.0203125
5 0.90859375 0.74375 0.0640625 0.0203125
0 0.825 0.74375 0.046875 0.0203125
8 0.83046875 0.7203125 0.0375 0.01875