12 0.82890625 0.2359375 0.13125 0.028125
11 0.8609375 0.29140625 0.1671875 0.025
1 0.84140625 0.32421875 0.2109375 0.025
3 0.22265625 0.27265625 0.3328125 0.0234375
10 0.240625 0.30234375 0.36875 0.0234375
13 0.24609375 0.303125 0.390625 0.034375
2 0.240625 0.36484375 0.375 0.0234375
9 0.15546875 0.33515625 0.1921875 0.025
4 0.49375 0.6484375 0.85 0.090625
6 0.88125 0.784375 0.0640625 0.0203125
17 0.8640625 0.87421875 0.0984375 0.0203125
7 0.87109375 0.815625 0.0890625 0.0234375
8 0.69609375 0.815625 0.04375 0.021875