12 0.77734375 0.234375 0.109375 0.015625
11 0.7390625 0.2546875 0.1265625 0.0140625
1 0.7734375 0.275 0.1171875 0.015625
3 0.146875 0.47734375 0.1625 0.01875
10 0.14921875 0.5046875 0.1734375 0.0359375
2 0.1875 0.5671875 0.24375 0.0203125
9 0.13359375 0.5453125 0.14375 0.021875
4 0.65390625 0.5109375 0.53125 0.08125
6 0.86484375 0.60234375 0.046875 0.021875
0 0.86875 0.62734375 0.0390625 0.0171875
8 0.86796875 0.653125 0.0421875 0.015625
7 0.81171875 0.678125 0.034375 0.0203125
17 0.859375 0.725 0.0875 0.028125