12 0.6953125 0.2234375 0.0796875 0.01875
11 0.71328125 0.24375 0.103125 0.015625
1 0.703125 0.2625 0.0984375 0.01875
3 0.15390625 0.2421875 0.1984375 0.0171875
10 0.171875 0.259375 0.234375 0.0171875
2 0.21015625 0.2984375 0.309375 0.0203125
9 0.1109375 0.27890625 0.1140625 0.015625
4 0.41171875 0.57734375 0.71875 0.0875
6 0.8265625 0.68125 0.0625 0.01875
17 0.86328125 0.78828125 0.10625 0.028125
7 0.8625 0.73671875 0.05 0.0203125
0 0.81015625 0.70859375 0.0234375 0.01875
8 0.80703125 0.73671875 0.025 0.0171875