12 0.221875 0.2421875 0.0765625 0.0171875
11 0.18359375 0.26484375 0.109375 0.0203125
1 0.17890625 0.28515625 0.1140625 0.0171875
3 0.68671875 0.265625 0.2328125 0.01875
10 0.690625 0.2875 0.240625 0.0203125
13 0.69375 0.28828125 0.2546875 0.025
2 0.72578125 0.3296875 0.3109375 0.01875
9 0.64140625 0.309375 0.1453125 0.015625
4 0.37109375 0.5109375 0.6046875 0.078125
6 0.64296875 0.5984375 0.0671875 0.015625
17 0.65859375 0.71640625 0.10625 0.025
5 0.6390625 0.61640625 0.0625 0.015625
0 0.57734375 0.6171875 0.04375 0.01875
8 0.58125 0.63359375 0.03125 0.0140625
7 0.615625 0.634375 0.0171875 0.0140625