12 0.240625 0.3234375 0.1140625 0.0234375
11 0.51171875 0.32421875 0.1484375 0.021875
1 0.83515625 0.32265625 0.1640625 0.028125
4 0.47109375 0.52578125 0.8421875 0.1203125
3 0.71015625 0.18359375 0.190625 0.01875
10 0.74765625 0.20390625 0.259375 0.01875
13 0.7484375 0.20390625 0.26875 0.021875
9 0.69375 0.22421875 0.15625 0.01875
6 0.83828125 0.61640625 0.1 0.0203125
17 0.8359375 0.74921875 0.09375 0.0234375
7 0.80703125 0.68359375 0.0359375 0.0234375
0 0.5859375 0.64921875 0.05625 0.0203125
8 0.59296875 0.68359375 0.04375 0.0234375