12 0.2109375 0.065625 0.0734375 0.0171875
11 0.240625 0.09140625 0.128125 0.0203125
1 0.2640625 0.1140625 0.1328125 0.0234375
3 0.1640625 0.33828125 0.2171875 0.021875
10 0.20703125 0.36171875 0.29375 0.0203125
2 0.19453125 0.409375 0.271875 0.021875
9 0.13359375 0.384375 0.1515625 0.0203125
4 0.42890625 0.55859375 0.7703125 0.065625
6 0.19765625 0.62890625 0.0859375 0.0203125
17 0.22734375 0.72578125 0.1375 0.028125
7 0.13984375 0.68046875 0.0734375 0.0203125
8 0.17421875 0.65546875 0.0375 0.0203125