12 0.38984375 0.04453125 0.0875 0.01875
11 0.42578125 0.06484375 0.1390625 0.0171875
1 0.4484375 0.08515625 0.146875 0.0203125
3 0.3734375 0.30390625 0.25 0.01875
10 0.32734375 0.33515625 0.1578125 0.0390625
2 0.38984375 0.3859375 0.2875 0.0234375
9 0.32890625 0.36484375 0.1625 0.015625
4 0.46015625 0.571875 0.85 0.0859375
6 0.88671875 0.81015625 0.0765625 0.0203125
17 0.87890625 0.92265625 0.0890625 0.0234375
7 0.89375 0.8546875 0.059375 0.01875
0 0.9046875 0.87890625 0.0359375 0.0171875
8 0.90390625 0.83203125 0.0359375 0.0171875