12 0.83984375 0.24765625 0.1046875 0.015625
11 0.83125 0.271875 0.128125 0.0171875
1 0.82890625 0.29453125 0.1234375 0.0140625
3 0.25703125 0.27265625 0.3125 0.01875
10 0.225 0.2953125 0.2453125 0.0171875
2 0.25546875 0.3453125 0.3140625 0.021875
9 0.1703125 0.31953125 0.1375 0.01875
4 0.48671875 0.609375 0.784375 0.0640625
6 0.83203125 0.6953125 0.0828125 0.01875
17 0.821875 0.79296875 0.071875 0.0203125
7 0.80703125 0.7671875 0.0296875 0.01875
0 0.7328125 0.71953125 0.0421875 0.015625
8 0.7265625 0.74375 0.034375 0.0140625