12 0.89609375 0.03828125 0.0671875 0.0203125
11 0.86796875 0.0609375 0.128125 0.0203125
1 0.86875 0.084375 0.1265625 0.0203125
3 0.865625 0.30703125 0.178125 0.021875
10 0.76640625 0.33125 0.3734375 0.0234375
2 0.78984375 0.38046875 0.325 0.0265625
9 0.86875 0.35625 0.1671875 0.021875
4 0.48828125 0.603125 0.8296875 0.0828125
6 0.85859375 0.70703125 0.0421875 0.0203125
17 0.84609375 0.78515625 0.078125 0.021875
7 0.85078125 0.75625 0.0625 0.01875
5 0.8515625 0.73046875 0.0640625 0.0234375
0 0.77109375 0.73125 0.0375 0.01875
8 0.771875 0.75703125 0.0390625 0.01875