12 0.7328125 0.0828125 0.1 0.0203125
11 0.70625 0.10546875 0.18125 0.021875
1 0.81796875 0.13046875 0.203125 0.01875
3 0.2109375 0.2078125 0.35625 0.021875
10 0.26328125 0.2328125 0.45625 0.0234375
2 0.26015625 0.2578125 0.4515625 0.021875
9 0.13671875 0.2828125 0.209375 0.021875
4 0.66328125 0.4359375 0.590625 0.121875
6 0.89609375 0.7171875 0.1078125 0.0203125
17 0.8953125 0.79765625 0.1015625 0.021875
7 0.86171875 0.75859375 0.034375 0.0203125
5 0.88671875 0.73828125 0.0875 0.021875
0 0.79296875 0.7375 0.0515625 0.015625
8 0.79921875 0.75703125 0.04375 0.015625