12 0.28828125 0.27890625 0.0734375 0.0171875
11 0.31796875 0.3046875 0.1015625 0.01875
1 0.29375 0.33046875 0.1046875 0.0171875
3 0.65625 0.27421875 0.21875 0.0234375
10 0.7015625 0.30078125 0.3140625 0.01875
2 0.6515625 0.3265625 0.215625 0.0203125
9 0.60859375 0.35390625 0.121875 0.0203125
4 0.30859375 0.6015625 0.3625 0.178125
6 0.4390625 0.73203125 0.078125 0.0203125
17 0.43984375 0.84375 0.071875 0.021875
7 0.4625 0.8140625 0.0296875 0.021875
8 0.46171875 0.78671875 0.0328125 0.0203125
0 0.46015625 0.7578125 0.0484375 0.0171875