12 0.175 0.31875 0.065625 0.0140625
11 0.1484375 0.34296875 0.1234375 0.0171875
1 0.1640625 0.36875 0.1671875 0.0171875
3 0.9015625 0.35078125 0.134375 0.01875
10 0.83515625 0.3765625 0.275 0.0203125
13 0.83515625 0.37734375 0.278125 0.025
2 0.86171875 0.428125 0.2125 0.021875
9 0.89921875 0.40234375 0.1390625 0.01875
4 0.46796875 0.6171875 0.8828125 0.140625
6 0.878125 0.7640625 0.0640625 0.0203125
17 0.89140625 0.8421875 0.0953125 0.0234375
7 0.8875 0.78984375 0.0828125 0.021875
8 0.72734375 0.7875 0.0421875 0.0203125