12 0.2171875 0.20546875 0.075 0.0171875
11 0.16015625 0.22421875 0.109375 0.015625
1 0.246875 0.24296875 0.109375 0.01875
3 0.75625 0.18203125 0.278125 0.0203125
10 0.76015625 0.20234375 0.2796875 0.01875
2 0.7515625 0.2421875 0.265625 0.0234375
9 0.68984375 0.221875 0.1421875 0.01875
4 0.33984375 0.44921875 0.578125 0.06875
6 0.59765625 0.5171875 0.059375 0.0171875
0 0.5828125 0.5375 0.03125 0.015625
8 0.58984375 0.55703125 0.0390625 0.015625
5 0.6125 0.53671875 0.0203125 0.015625
7 0.6375 0.55625 0.053125 0.01875
17 0.6 0.6125 0.0640625 0.01875