12 0.23515625 0.11875 0.0828125 0.0171875
11 0.175 0.14375 0.1359375 0.01875
1 0.16484375 0.1671875 0.134375 0.0171875
3 0.1515625 0.2703125 0.2 0.01875
10 0.19375 0.29140625 0.2890625 0.0203125
2 0.20546875 0.3359375 0.3171875 0.025
9 0.1234375 0.31328125 0.15 0.0171875
4 0.503125 0.5390625 0.875 0.0671875
6 0.88984375 0.66484375 0.09375 0.0203125
17 0.8890625 0.76484375 0.0765625 0.0203125
7 0.890625 0.73203125 0.0671875 0.01875
8 0.67578125 0.73125 0.03125 0.015625
0 0.74296875 0.696875 0.04375 0.0171875