12 0.79765625 0.1796875 0.08125 0.0171875
11 0.8390625 0.2015625 0.1328125 0.01875
1 0.85390625 0.22109375 0.1359375 0.0171875
3 0.16875 0.28515625 0.246875 0.01875
10 0.18515625 0.30546875 0.2703125 0.01875
2 0.16640625 0.34921875 0.2453125 0.025
9 0.1140625 0.325 0.13125 0.01875
4 0.490625 0.51953125 0.88125 0.0859375
6 0.89921875 0.66640625 0.0671875 0.0171875
8 0.91953125 0.684375 0.028125 0.015625
7 0.90546875 0.7015625 0.053125 0.0171875
0 0.91875 0.71796875 0.028125 0.015625
17 0.89921875 0.7359375 0.065625 0.01875