12 0.28359375 0.31640625 0.0671875 0.01875
11 0.23203125 0.33359375 0.1703125 0.0171875
1 0.2140625 0.353125 0.1671875 0.0171875
3 0.184375 0.16484375 0.2734375 0.0234375
10 0.2375 0.18828125 0.3765625 0.0203125
2 0.2140625 0.2328125 0.3296875 0.021875
9 0.13046875 0.21015625 0.159375 0.0203125
4 0.7546875 0.50234375 0.4734375 0.15625
6 0.7984375 0.8015625 0.1203125 0.0265625
17 0.7359375 0.92265625 0.1234375 0.0265625
7 0.68046875 0.86171875 0.1015625 0.0234375
0 0.76484375 0.8921875 0.05 0.021875
8 0.76328125 0.83125 0.0484375 0.0234375