12 0.23984375 0.16484375 0.1015625 0.021875
11 0.21875 0.1875 0.203125 0.0203125
1 0.3375 0.21328125 0.2203125 0.021875
3 0.159375 0.2703125 0.2234375 0.0203125
10 0.234375 0.2921875 0.3765625 0.01875
2 0.21953125 0.3125 0.353125 0.01875
4 0.4765625 0.53984375 0.8515625 0.1875
6 0.77890625 0.7390625 0.09375 0.021875
5 0.85078125 0.76640625 0.0921875 0.0234375
7 0.8453125 0.79609375 0.078125 0.0203125
17 0.728125 0.82265625 0.0890625 0.01875
0 0.7578125 0.7671875 0.0375 0.0171875
8 0.759375 0.79609375 0.0359375 0.0171875