12 0.86875 0.40234375 0.128125 0.0171875
11 0.86015625 0.43046875 0.146875 0.021875
1 0.8421875 0.45625 0.18125 0.0203125
3 0.203125 0.46953125 0.3 0.0171875
10 0.19296875 0.48984375 0.275 0.0171875
2 0.17265625 0.5328125 0.2359375 0.021875
9 0.12109375 0.5109375 0.13125 0.0171875
4 0.490625 0.715625 0.8625 0.1375
6 0.88125 0.846875 0.08125 0.01875
17 0.88203125 0.94453125 0.078125 0.01875
7 0.88125 0.87890625 0.0796875 0.01875
5 0.8828125 0.90546875 0.08125 0.0203125
8 0.7515625 0.88046875 0.03125 0.015625
0 0.7578125 0.9046875 0.0421875 0.015625