12 0.89140625 0.06328125 0.1015625 0.021875
11 0.8796875 0.09140625 0.125 0.021875
1 0.88125 0.12109375 0.128125 0.0265625
3 0.47578125 0.27109375 0.09375 0.0203125
10 0.56640625 0.30703125 0.275 0.025
2 0.52421875 0.3765625 0.1921875 0.0234375
9 0.49296875 0.34296875 0.1390625 0.0234375
4 0.4609375 0.521875 0.8390625 0.06875
6 0.84453125 0.60625 0.0765625 0.0265625
8 0.82109375 0.6375 0.03125 0.0234375
7 0.8390625 0.66640625 0.06875 0.021875
0 0.82109375 0.69609375 0.03125 0.0203125
17 0.84453125 0.7953125 0.0765625 0.025