12 0.309375 0.19921875 0.0859375 0.0171875
11 0.27578125 0.2203125 0.1703125 0.0171875
1 0.3828125 0.240625 0.1703125 0.01875
3 0.20234375 0.31796875 0.1640625 0.01875
10 0.27578125 0.33984375 0.3140625 0.0203125
9 0.2109375 0.3609375 0.1796875 0.0203125
2 0.284375 0.3828125 0.3296875 0.0171875
4 0.5 0.54140625 0.7734375 0.075
6 0.85 0.66328125 0.0625 0.01875
17 0.85 0.74296875 0.0640625 0.01875
7 0.859375 0.690625 0.040625 0.0203125
5 0.85859375 0.71796875 0.040625 0.01875
8 0.54296875 0.68984375 0.03125 0.0140625