12 0.28359375 0.18515625 0.08125 0.01875
11 0.22265625 0.209375 0.171875 0.01875
1 0.34296875 0.23359375 0.175 0.0203125
3 0.67890625 0.2109375 0.3328125 0.0234375
2 0.69765625 0.2828125 0.35625 0.021875
10 0.73828125 0.234375 0.4484375 0.021875
9 0.6359375 0.25859375 0.2421875 0.0234375
4 0.484375 0.396875 0.909375 0.0640625
6 0.89609375 0.52109375 0.071875 0.0234375
17 0.896875 0.71640625 0.0703125 0.0203125
7 0.88671875 0.5921875 0.0515625 0.0203125
5 0.8875 0.63046875 0.0515625 0.0203125
8 0.8796875 0.55625 0.0359375 0.01875