12 0.20546875 0.221875 0.053125 0.0203125
11 0.25078125 0.2484375 0.1203125 0.025
1 0.22421875 0.27578125 0.1203125 0.0203125
4 0.48203125 0.5390625 0.8609375 0.1421875
6 0.87578125 0.66484375 0.084375 0.0203125
17 0.8734375 0.73984375 0.0703125 0.0203125
7 0.865625 0.7171875 0.0578125 0.0203125
5 0.8703125 0.690625 0.075 0.0203125
0 0.790625 0.690625 0.0484375 0.01875
8 0.79609375 0.71640625 0.0359375 0.0203125
9 0.13203125 0.81171875 0.1546875 0.0234375
3 0.21328125 0.759375 0.315625 0.0234375
2 0.18515625 0.8421875 0.259375 0.0234375
10 0.24765625 0.7859375 0.3828125 0.0234375