12 0.8640625 0.26484375 0.1421875 0.021875
11 0.865625 0.29140625 0.1421875 0.0203125
1 0.8640625 0.31953125 0.14375 0.021875
3 0.2234375 0.2375 0.3 0.0234375
10 0.26171875 0.265625 0.3734375 0.025
2 0.275 0.31875 0.4015625 0.0296875
9 0.17734375 0.2921875 0.2046875 0.0234375
4 0.4953125 0.55546875 0.815625 0.0984375
6 0.846875 0.66796875 0.109375 0.025
17 0.84609375 0.778125 0.1078125 0.0234375
7 0.884375 0.75 0.0328125 0.0234375
8 0.8796875 0.72265625 0.04375 0.0203125
0 0.87265625 0.69453125 0.0609375 0.0203125