12 0.89765625 0.13515625 0.071875 0.0171875
11 0.8640625 0.15546875 0.121875 0.0171875
1 0.87734375 0.17578125 0.115625 0.015625
3 0.85546875 0.25859375 0.1625 0.0203125
10 0.78984375 0.284375 0.2984375 0.0203125
2 0.79765625 0.3109375 0.278125 0.01875
4 0.503125 0.4890625 0.765625 0.0796875
6 0.84296875 0.5546875 0.075 0.0171875
5 0.84140625 0.578125 0.0796875 0.015625
7 0.8421875 0.60078125 0.08125 0.015625
0 0.77421875 0.578125 0.0359375 0.0140625
8 0.7796875 0.6015625 0.03125 0.0140625
17 0.8421875 0.665625 0.0765625 0.01875